110326993000225
104934871000154
660947656000367
1109854761000225
1109481244000225
408522739000169
1103452317000225
391755634000118
485383206000075
474353118000119
12273310000138
1034126608000222
1046808358000154
572788939000325
689974028000166
83020854000039
96418605000225
851687355000138
558888062000090
1111815049000225
458969698000301
294966536000173
174956392000221
919998392000039
682375394000146
1466745378000147
675389977000435
137938531000066
567732354000118
966635776000203
967777567000321
817096498000223
853572386000263
39354490000453
698652418000233
1252586537000231
480475434000426
961011715000202
1121037444000211
1127384486000196
76847738000093
1087793046000173
856286466000066
1229397673000210
163401267000325
514617041000380
1696725455000281
1087598816000220
1242642650000210
1264441181000207
672945174000151
554363646000335
433666362000133
1753975754000281
596731930000066
1216327181000183
258588591000185
1250944316000231
206141438000081
1087507418000220
18602871000072
1025211103000175
275914033000406
1153684299000211
490147089000341
1000878125000261
1127521953000196
73775765000083
1185778317000150
1095097966000111
1167735912000260
135618933000202
916689067000138
730271681000083
1042309374000154
823401807000216
117028452000143
537584255000116
253445440000195
1171847800000206
341239591000418
42726313000072
1142385985000242
762152988000334
1335135253000300
1091294156000225
840364089000023
888584438000050
601958867000279
616743128000119
1173526049000151
1143435738000082
899403433000078
182348891000050
1697114576000281
921022946000186
1154863210000239
823778238000175
1148947824000300
70298287000335
1087674846000173
1000626216000291
412839823000164
1292661484000225
711453274000366
458261808000370
867249491000126
1440026490000230
1160331207000211
1215243028000418
848934661000324
1097294759000142
920238712000039
1232902330000210
1054624892000154
1301649120000250
930161887000393
1015301238000179
1476617766000143
1106222744000205
112749958000288
951243690000066
1015462305000179
1170946821000245
650195156000359
1533797334000202
1086625533000304
9725912000142
1082157214000118
1225895589000232
1074131661000118
958121181000166
1447992577000201
1119652696000298
83996634000029
575572601000142
664387401000307
786372337000073
1183806007000154
11857244000150
1231594241000210
1212334104000183
95321861000062
559403102000124
106469200000029
947001736000360
672074834000173
115544840000239
20043612000090
1041171754000173
233605891000429
943847151000138
456067313000134
1077845300000230
888609068000050
192092449000246
223791582000082
92902509000039
418097484000237
891289034000288
152027274000152
1137775363000196
830463441000054
1376837633000138
1152023323000300
921811800000166
1161956309000302
1135771831000216
737902806000083
97554739000157
1201652503000206
1339225084000249
1112462914000225
1092398860000118
169451063000066
1212334502000201
910533204000353
1048353970000272
1083311400000118
753659422000062
194263688000345
217821504000063
302272745000435
516186581000067
1128885549000196
121860404000281
1163337363000130
105604157000193
1048565001000264
1142872428000130
1131957672000196
322303256000174
1180079437000210
117124217000134
882217604000183
1182744301000245
48186819000304
709565689000235
1206266978000176
26522849000094
262114702000174
879155093000172
547565183000142
270784540000197
905492318000357
1262593262000209
11678370000206
626963020000021
1204556778000418
1239916224000210
377134042000163
307537326000078
1536954620000202
508791643000057
1121365677000211
330549259000170
562524397000181
74146154000091
1000267605000304
1240363409000210
218339989000217
405016771000319
16973386000281
83033616000054
585414220000220
317452540000241
841748088000246
101002163000335
2253431000321
1166521818000282
656683996000139
1477112538000143
1696355808000281
945912729000112
202451804000249
1092468078000118
887218961000050
513444672000064
719896218000411
1561404153000202
433549060000054
346463303000374
431961901000190
1126941321000130
1225596205000133
1015763486000221
939567849000066
982447013000246
1339551505000202
1142918700000130
53019196000460
373302455000180
73141416000206
747982771000361
1228007857000210
1283604129000246
970057547000074
176376726000319
1188829026000221
226184926000422
1393767207000305
1176501287000245
18759717000353
837803279000195
820052079000313
231646040000232
1004927700000179
956907910000051
618275786000139
60788150000189
294224000364
967384652000297
967162570000297
113243141000253
1350204578000201
1117481206000082
769275853000096
251918186000297
937627839000277
44375009000254
34741611000398
624476902000093
104383355000323
1162913475000203
105479401000140
153331182000202
752149449000345
884765466000036
173506909000311
120624990000115
97253104000371
1212996655000275
1044103778000063
991946006000130
50148060000440
1220821710000301
1197972137000230
1134638063000253
804083683000096
349146427000052
864438440000316
9739855000331
454688309000099
898154496000342
738353159000365
29424394000383
717537765000130
1104634926000212
989009024000103
125458531000256
567829911000215
1177419828000286
118209612000320
198328201000279
383991419000129
1044115797000303
1117995441000215
363827220000334
63906728000317
451981250000171
528816889000329
649335891000091
71488607000047
535955167000038
968647688000179
102320969000277
557964872000379
68617412000243
748545298000175
366976756000213
916497304000288
530907705000344
718199760000312
1405643110000146
988992066000103
79521142000230
1084903720000184
16498194000312
19046975000392
1040617706000111
244894281000399
697619929000225
478293534000096
90488752000120
187717825000093
457805414000326
1131758625000196
8906177000050
545444814000065
1245875997000246
1285089579000136
687585538000044
119927979000221
575167270000130
1204206493000448
968557029000080
943741739000353
1055276775000237
1152662742000246
1268546643000173
86489748000277
22436390000118
1059863068000154
115708439000239
1120186847000248
1203502614000434
1091871454000186
883855098000363
721929208000154
1191842266000250
743772317000400
198391296000305
1000727185000291
1091064116000269
1041087240000126
20726537000065
847576997000020
94882692000326
808402106000050
1017969409000433
1147187428000204
1092621423000216
228175590000065
159461051000276
104714534000178
976365406000257
1078185450000148
547053438000423
1289394063000203
1009687873000184
384079323000250
109780382000154
1301931109000250
302917235000245
1120387303000204
730303016000083
234709486000324
1216875413000246
1307511566000246
1131963263000196
1342022157000138
295977361000388
1284639507000136
1336946243000249
366609706000219
945093250000119
43989216000312
980357046000115
1142932562000130
1325994683000151
1115173639000204
34302329000250
108328862000118
1229422556000210
690457887000441
776917607000177
36895336000450
79331519000050
1129875048000284
22697415000438
932815050000312
101114529000050
8304063000171
178923753000301
921167684000190
1089404722000170
233727442000277
1245438643000210
498255528000408
121894579000220
1156816104000239
204354279000309
1181376083000154
88864835000050
524469573000066
441859742000214
1137322800000246
1049904280000233
1159273886000211
525488080000134
166173975000234
421975019000139
35018408000390
318871655000180
1203554901000448
170219900000454
1294566027000138
864876134000104
900827152000360
332509384000377
1263376072000276
325678722000249
645722532000129
272369655000410
68365377000250
8056657000328
108645738000246
444099876000317
1076684806000134
216682398000232
977081708000292
1204401114000183
1058474297000154
473437372000174
336277813000378
21691214000091
927995315000362
832938859000244
762052001000202
572253698000367
788081099000062
653798931000461
905662317000400
833231643000198
912587431000052
674384553000302
1161713003000418
950686032000024
8620293000004
774009582000140
1337833679000202
914947042000426
1020448521000246
87488887000082
391076837000170
887103459000050
953303430000335
1654222854000202
518346919000126
1122687847000246
1364064579000231
1086382347000304
373333299000305
37943749000377
1047358098000241
1136901919000246
139652534000392
243058836000260
1260915985000260
89238659000353
6252336000069
920677123000205
33414136000174
1146283331000172
189642598000129
37899974000402
24009348000329
147299401000049
923611515000131
119457775000338
132153102000353
805916669000055
68663884000085
987479198000037
975665304000157
645445867000086
647183538000235
1131931698000232
918883376000172
107464660000068
316758886000138
1105776856000226
35962667000280
980923950000300
837721033000166
1015353296000179
1216041504000259
650731287000086
888655149000050
36103569000419
232468596000051
113153514000196
985688056000249
533668216000139
1089994747000106
1339441483000144
408802274000358
1091547156000229
418965852000413
1099019929000279
635591787000004
36425191000375
321071840000195
88084484000093
401626968000142
53115916000440
119489216000211
828792269000202
78923858000330
727415020000050
1105615412000226
66745294000411
854254557000319
611981161000430
201939301000235
337226466000396
189804174000389
60289484000400
38986891000328
133378036000387
27588471000202
1205958257000135
80153833000186
660364952000119
1124967104000198
17860000224
236935205000259
605798069000056
894327786000327
180093145000342
106791599000169
560022186000088
686398487000167
197683236000375
29336516000004
943998238000393
750365807000062
771129189000440
1145233686000186
857163870000154
1209368219000221
424998063000344
185082534000306
1045998007000116
149661305000416
629846340000137
923586247000183
1083917001000118
980023954000305
895585550000308
69292836000325
91725805000373
326816717000319
1178714902000211
302268531000374
1336918268000138
214629109000344
496036383000081
585135750000225
1188257446000209
627504958000387
943436066000306
914636636000344
110309422000295
1397494153000207
978836876000159
74171889000391
62912980000394
45525949000081
178544902000459
319037455000374
276523564000131
927628150000326
470451109000421
119995268000239
98504680000402
888635961000050
462816109000277
1255174772000255
1030384180000066
7455265000246
1030917475000117
1160891075000205
417281977000359
1260801467000210
1157405867000138
888628968000050
38122547000387
500969671000066
1035276826000228
881786733000232
147592308000250
537672836000219
941809340000359
1174493113000196
651252573000093
888612156000050
326431208000437
206806360000329
110618753000361
273608598000166
33513586000180
61635886000210
1137491705000246
1167166488000224
101900596000137
239046144000051
947421595000381
68863525000050
49059692000222
886377267000271
217697240000435
94931786000153
576024401000355
438785541000218
308721751000170
1188072834000221
711462220000227
775291828000126
521404147000186
1119669813000263
121951955000417
1272304682000173
986501686000223
66239566000240
719658242000247
89491100000394
973836600000066
703649531000411
1272297575000173
715939929000066
1115329474000204
1098862844000214
123492465000137
371618070000186
1100435360000132
1055725763000241
997421810000223
948711572000338
1010189374000241
227954182000321
104358231000288
928115907000142
392689939000062
1047337728000241
224957836000362
1769575852000281
899415144000261
1560565021000202
99185981000403
1203839484000247
463406378000139
1092118673000227
107749781000262
917025933000388
262299669000114
922347753000050
23812306000316
1030854001000186
971498239000065
1188047044000301
771448905000198
1059334376000420
1097259465000177
566278422000301
586008714000025
1102138390000177
89556515000067
178091523000369
822018407000225
9478350000393
83864035000377
1088539940000118
740076403000245
1272039687000173
652677137000057
921124805000361
9631080000237
210574495000392
9212333000361
731555940000050
46227165000319
1199429527000207
483817989000134
1272087656000173
980097245000166
325809202000040
888719638000126
1314607001000246
1061386288000236
930261528000418
492111759000083
1058417943000278
378364580000292
104269407000184
602239671000207
1432758472000250
1661798000363
10402652000246
994819039000066
1185632850000209
332052630000435
709043998000392
1116667001000204
1125892344000230
72011691000186
93876452000393
524003797000053
917717816000347
80313733000226
293722586000459
109690342000177
215419369000083
1232143656000151
83612992000043
1058791742000104
92809582000441
959107983000335
1050369783000438
1055481787000241
1272186387000173
711774325000206
802021702000309
1035486728000228
1159463937000222
602865689000335
95514506000046
1239839919000210
1009236786000190
339092776000395
1156681359000232
788411223000105
313522634000392
604706239000323
429371873000246
634661763000232
305522970000412
196639436000457
1030137060000179
830916289000054
1272224344000173
444176850000167
909722381000359
1197293499000154
10079765000251
608595541000392
413367147000066
1070419231000232
1115142046000223
978762424000121
1402906241000007
1103504017000227
61611419000392
73853267000384
1033153914000117
1104896368000226
267183848000201
767644494000076
92363642000359
1315992577000202
1117858893000207
944704393000393
635948601000073
563314215000073
732376685000393
1277888005000210
654501048000433
1096238528000255
901976605000403
1189299311000247
95255262000078
1130992013000284
967909526000325
1089324014000106
1074438682000209
41935791000346
1038762774000114
1074949379000187
93419892000069
962255758000034
908029436000354
979145097000301
904664837000373
234536146000126
313912802000353
1174565205000264
984937823000035
830839758000163
1023028140000183
1181072737000247
72770224000394
885584412000055
606662538000047
1147689226000284
603771476000321
1054167328000183
1026717061000255
917113108000359
688682641000435
1314922696000246
10517288000236
1070484571000163
726925265000050
1135683026000204
731249529000138
820368841000192
1088723674000114
785131720000138
712537295000266
1239672538000256
1022496432000187
240663980000186
1056836828000104
779234479000107
903572200000376
843441306000073
1109961131000139
309492677000319
97802403000121
35275488000301
1163123622000239
271345780000318
385064489000400
559315676000376
895409674000054
1905214000452
126180825000200
949002335000210
532211896000293
484394856000006
925603285000192
118144199000047
1047266317000172
22494336000241
423776851000193
1173196578000269
948121572000328
937612479000040
941639392000207
492257460000306
1063109470000172
983347759000067
260702517000351
1684584990000236
1482086758000144
738573077000182
121162372000119
512097549000265
575092552000388
367897544000380
1039612063000305
129096162000225
300628402000230
102654896000155
634966296000200
229742850000083
1096143296000176
950349948000168
655077404000368
464857147000030
467898377000393
613494822000351
599637191000180
1290823190000225
219532440000260
998954410000296
95024717000253
464681117000050
1033203558000216
1277709502000430
1098937582000209
457057337000053
1208416761000004
1363039092000248
781409588000404
944405598000393
947861874000393
1329191335000142
1157727426000284
1227708396000265
600688572000111
944656698000393
947971952000393
701565421000442
1095247433000245
1015337107000300
678046110000168
230706173000251
1342399082000138
139529821000207
936662679000186
787674081000066
1208474276000201
1266159697000258
1056143108000117
1545798028000202
888573036000093
100979475000235
1015825674000186
303511694000412
907557179000337
460919073000073
1403843794000207
938093561000112
852593719000348
1181147593000247
948879182000359
35906583000276
1034073473000066
1653659649000202
104394958000335
412539991000200
1055545347000241
94798762000393
720813305000284
950696128000359
738008642000094
97445635000066
957799256000075
56626133000060
947805703000393
1063288836000216
841684081000177
1065602253000429
316695287000392
916705880000119
1386635176000206
547418773000410
89446420000183
57613743000139
1068301261000250
590056488000305
1631989446000202
902398620000376
93245817000268
21474117000260
1243216728000210
228605797000072
1126032889000233
1201154587000142
1109985848000225
864082491000106
64606631000152
27349788000381
1120655546000139
915492277000378
656863837000062
97013676000257
821554504000073
63136284000420
1129859557000284
983643316000325
1049669733000421
355889169000153
553911491000114
108381898000234
943012638000393
1075457895000139
1264184227000246
1253357966000138
1016612881000288
927078565000393
769527665000061
1435465886000207
981338297000066
1018328664000073
1181197744000247
1381072826000206
498285231000049
1381395169000206
53493756000093
1392242937000248
26413119000245
1306039049000231
943825593000393
7377168000050
120720665000246
1050757081000166
824613136000106
24065916000221
1272252346000173
535571761000312
939802523000259
857359000098
1178987435000141
293829512000097
926883709000171
103710197000297
642191251000393
833636560000119
530813365000186
1000984331000291
38786554000274
1352997835000007
1109303372000139
944096743000393
686184696000198
1317713622000138
1093421199000216
1568143499000263
1193641157000149
315084034000193
600343358000403
1236573235000210
1081597706000148
93836310000192
943056026000393
734133448000062
808448868000004
1088866642000114
944612010000393
74037266000083
822582957000345
1100019462000279
1164994623000154
1083201648000118
939166761000066
855376851000317
130586073000414
55971607000400
102021776000105
1502176055000305
301291044000392
1382323539000206
1219798102000247
133512604000281
1248662018000226
678383351000340
92683565000463
825652545000399
515065102000410
767584000121
595153857000066
1197998205000198
1044598036000270
365699845000326
916018859000402
386015555000430
921354587000361
997452803000118
806361628000430
481457525000321
944058095000393
427705965000048
305086706000412
43915703000403
117474121000258
1254247580000259
1119615683000288
30745893000316
1130152192000001
719883869000169
1466011950000263
985413141000325
209724307000202
47718995000435
1375136198000206
883346546000400
650974238000300
780817912000073
988308855000186
970227618000325
1269341247000173
1003651907000073
617912541000430
925561773000103
1492553090000202
105917490000205
729213369000420
810458857000141
985459788000325
108329238000118
143313966000359
154450459000142
986164679000105
730755334000178
943907978000393
691368589000405
1268114906000210
833328751000301
982836527000325
925016843000359
51152072000462
975015970000325
245985676000354
861505984000120
172305708000198
639893835000257
16419643000401
321692936000206
651781177000141
983845037000321
215937745000344
497098660000202
108880128000170
1033755972000066
196533000451
251481548000167
124586119000195
412067534000196
735224318000351
288033217000285
1324726435000201
909716518000359
122815505000283
836745853000331
119665333000233
785661083000290
84671816000357
620477843000253
712653919000382
776467123000060
143417977000283
1107762032000442
92360409000358
424646863000328
1061996796000423
715639652000362
839104847000023
385887177000355
406613117000111
468627472000162
579859526000353
455233955000167
129076550000202
674633134000192
806384335000028
342031063000431
125402148000385
821577317000376
932815396000448
781511535000062
145673403000163
222177970000424
1116731818000214
1158155988000127
1236858727000210
1004608956000296
845185645000179
1294256737000189
737254960000374
346314308000011
1050449696000115
485121900000195
1134092392000130
671647720000223
1172126479000246
162858075000128
1041556388000266
33015874000175
1083466606000118
275663618000217
225607116000420
510644132000167
1119027008000237
948463770000275
882629656000219
1352679096000007
964439935000030
118108887000175
57413282000258
69363996000394
12444707000138
853394596000029
1085675187000118
149100927000143
430644749000189
878179295000400
1385902757000206
1577351517000289
1341696407000209
1004522493000186
1133196641000284
21602118000392
559584938000106
1312526459000246
1789853949000281
1188157832000301
1066025093000029
1158704387000301
1374598086000207
1133253668000284
67037432000431
33637646000105
901821660000386
30204140000132
1214038949000259
51478696000400
1382685437000206
948007979000393
637026408000195
1188487233000247
915246628000392
1195888667000247
107672223000134
265143694000335
847737043000053
1298789027000189
890575864000106
137472100000206
995996719000325
416049072000180
1376625762000206
147312447000229
621443908000065
1260272939000270
510504355000004
70539386000392
241288197000280
918205628000171
603729409000454
1198965659000207
1299786556000300
556312120000206
1311409673000246
1090026407000106
1525919780000143
1150709607000244
974968816000325
1057008807000232
1157026193000284
706953631000120
1169726116000239
727154400000206
1199296344000209
921515323000232
1311581741000246
1116544303000207
90341319000418
927115460000359
1531663780000305
1150732581000244
878136639000400
1649264337000202
204453549000109
1355191051000206
9193157000393
1133149960000284
798401181000050
41071474000480
285331275000182
421496697000422
971838107000325
431211187000127
1381362720000007
92757631000359
1065863385000029
52309722000400
933445231000359
1373773098000206
1432512602000250
901422335000307
1342259598000138
535518438000403
95476746000353
1296948326000430
1137963896000284
4237947360000196
1051175529000427
901899732000435
1183635364000288
948073798000393
977652465000325
310541126000083
122242088000346
888251704000054
458804863000184
955657051000353
848871956000378
1375114539000206
1311313514000246
105191586000418
875858384000378
438305669000388
579528329000430
37663195000379
1272439461000173
1386334432000206
952304232000064
321497222000126
918524788000393
1376021040000206
218175421000206
341938748000246
1311482213000246
1376819393000206
1150718653000244
1384077082000206
64274748000418
978961226000447
952854009000338
260761062000371
3220631000454
1355156105000139
1133137724000284
334108303000383
136461554000281
943031577000322
131168386000246
836128556000053
254633429000008
466878013000206
578282347000263
351821901000051
1023600001
1052438807000288
454851376000276
893672230000316
1377773538000206
925502031000393
624485714000359
297952487000176
1026184998000081
512727170000457
927491428000393
634733947000082
115085239000276
1218849639000183
90805174000307
913473559000384
1093702373000264
1040194079000004
933252779000050
204921777000368
1196078821000247
782244877000155
1236746588000270
1431212460000201
728177178000398
800772987000293
1011584479000069
1303225569000189
473548913000186
1376194607000206
675556769000362
808987874000388
862427062000363
421808546000253
901416254000307
1088925365000029
56807890000375
229068171000304
300846264000396
359597534000329
868923141000118
904189529000146
513644837000234
976498317000325
307796435000171
1385992774000206
928831044000267
586436372000337
1592671801000202
253167806000291
77417990000284
381977746000201
457545828000073
1342131755000138
954095050000353
1166202269000439
1238998995000210
1357609781000007
551747483000106
1696767341000281
1172111483000242
729352677000050
1247793905000210
474875490000189
1376404440000206
1087086319000207
923566700000358
559917573000420
146979000392
111152959000237
812265057000316
864301610000317
1314091779000205
1380692629000206
1089282383000106
926825701000393
569517519000123
150783964000403
1117978402000237
1815688159000146
973146512000325
742973822000091
871386742000094
1326365137000246
927892644000393
154361527000202
767376205000023
83174690000413
881228855000296
446499999000180
1061233390000171
910122841000208
1386238651000206
159924669000427
981171587000157
1287472069000258
116685814000421
3278990000237
1044577895000163
1359057805000139
1311284567000246
943861945000393
1141632780000425
679287756000391
81893866000305
138071497000206
572714695000066
151938668000417
1118629697000237
627999428000099
182307027000308
825894397000313
436743060000346
1326473385000246
1383894453000206
927964987000393
310797157000220
1223042541000183
373882548000053
910786750000307
91585167000207
1386284513000206
931771750000073
1195915719000247
778939278000085
1041912385000128
167388280000175
26581167000060
1044665541000421
110895505000457
61391732000234
218109607000065
341767411000433
858687482000053
1376794064000206
564873071000237
623524652000091
121087373000396
511352440000346
1380755793000206
926981081000393
573739442000114
1119294539000295
74842253000456
103215915000142
877193165000226
1326573733000246
912384150000050
1384024364000206
927992616000393
1191783705000222
127406532000246
916427392000119
1386458278000206
597375991000073
1129498434000208
202839372000359
1196047690000247
1234737670000213
266633253000422
1300849832000246
104508843000452
892561370000397
1376065936000206
144683176000359
1136288154000237
96479371000173
997895283000285
496175657000072
925483039000393
1261165504000209
1025607611000128
1380815777000206
111936800000295
1326617264000246
913104873000440
521101022000421
1385886048000206
928018463000393
644722018000072
247495699000187
83590559000051
455899501000274
1386611578000206
261031199000303
1196063747000247
1368554421000250
1408029264000007
1105064192000227
60575710000419
958578164000119
666454183000465
26791217000358
1046168489000264
1376148303000206
921866082000156
1725788414000281
1175861647000195
1018692477000157
1311702378000246
1377839080000206
6245813000284
868047209000413
575451982000189
15337289000208
947901438000393
1875932000347
370481588000002
1331455525000206
909625777000387
1385989636000206
1584532635000202
645565992000378
1386726749000206
60126032000299
953989177000063
1196086774000247
1357397386000007
1133215392000284
668982944000072
216149891000466
1376362678000206
922422681000358
619936939000149
174259241000354
676147957000426
29166184000417
1255302568000215
1312696177000246
1380072769000206
1089271576000106
926072665000410
114673983000326
1213482462000439
870622687000336
927801017000393
9766554000325
702238092000204
372377316000178
880854338000119
138618311000206
1195842448000247
1076694839000295
936498987000352
264985714000308
397712749000250
1358798410000201
1374672459000206
939657072000066
962927306000335
477013242000388
1376501225000206
620872624000421
1260248450000270
864338054000391
1380701482000206
151553986000409
627591891000269
1816711088000146
1214229482000245
1265377222000250
874377484000051
1326442980000246
1383845830000206
109245618000400
927953934000393
57626612000276
1036193006000260
1386244919000206
256468866000427
1195892465000247
319771776000055
1288276288000203
134779088000281
91802209000370
937524408000035
1664646514000289
722804406000104
1298811684000189
136092836000273
1435188543000430
110824969000427
94029246000124
170063358000362
1135511668000304
963355649000321
997304705000325
125139323000276
85824683000265
896685704000386
1376768138000206
622088672000392
1260323510000270
131552355000246
902379016000385
1380733232000206
926955613000393
947227357000236
1030968657000205
1326566905000246
905949970000399
517815187000255
1383927887000206
1092574648000168
927975814000393
154588333000457
64039399000227
705691701000132
1191528120000222
313201348000073
1223736045000151
1037321629000137
1062769871000421
911353145000335
1073058788000204
530737334000429
931795143000321
1129057625000210
1195933624000247
1042092733000073
45914488000259
1078166171000118
168265596000046
1132263531000237
726989284000053
266196526000284
130034708000281
1044682958000284
1109221112000237
674443729000447
899181312000387
1211623151000247
352125896000204
865838041000308
1317244358000275
902456126000076
1380785555000206
1090978962000229
1530793163000305
1119321248000295
1268873320000254
1326605333000246
907996184000355
520772261000359
581401864000290
112421358000172
192925663000381
1276837840000251
1386511976000206
1648034552000145
1196059429000247
1001507251000078
461031231000430
919047553000308
938249093000066
169409401000246
958363765000353
1199347349000206
410164340000292
473036738000458
1376078878000206
172414260000072
1136498676000230
964836171000353
67467245000125
276983803000084
342562558000349
483247899000296
186459217000353
137026482000285
989396454000103
345404975000136
1195828791000214
1178499370000154
1260236455000246
596669044000023
1362628239000206
1174302229000247
1203903150000189
177314232000377
18423871000194
1037889655000073
861249907000392
104944287000264
866566508000298
1186593702000154
830398556000054
884387646000022
10111670000404
132329048000280
904076115000405
700136326000149
914017851000392
569349390000364
589977334000194
552585677000057
43666365000072
210073228000050
41617128000220
114921538000236
260145976000073
1290538961000203
468832074000462
170561486000307
860689672000133
623849612000136
877678068000136
1092646596000204
835343993000453
1078575391000157
546065926000184
605531645000366
